coin,id,tag,algorithm,block_time,block_reward,block_reward24,last_block,difficulty,difficulty24,nethash,exchange_rate,exchange_rate24,exchange_rate_vol,exchange_rate_curr,market_cap,estimated_rewards,estimated_rewards24,btc_revenue,btc_revenue24,profitability,profitability24,lagging,timestamp
Bitcoin,1,BTC,SHA-256,601.0,12.7033,12.6581209677419,568812,6379265451411.0,6379265451411.0,45588579844114675540,3978.4,4015.66328233657,6798.11653051,BTC,"$69,596,088,680.80",0.00056,0.00056,0.00056083,0.00055883,100,100,False,1553565510
BitcoinCashABC,193,BCH,SHA-256,622.0,12.5,12.5,575410,237516257194.23,245851651382.948,1640071634915663987,0.04061,0.0407092892906815,175.708689215786,BTC,"$2,840,007,867.26",0.01482,0.01432,0.00060191,0.0005815,107,104,False,1553564669
BitcoinSV,289,BSV,SHA-256,450.0,12.5,12.5,575297,123242595038.41,122389293896.653,1176273144809206222,0.01620569,0.016195198189415,31.13585484,BTC,"$1,133,272,307.80",0.02856,0.02876,0.00046291,0.00046613,83,83,False,1553565044
Bytecoin,103,BCN,CryptoNight,123.0,932.87247421,934.135665417059,1754466,39760807040.0,39896946551.5773,323258593,1.9044e-07,1.89661655076495e-07,31.885163214,BTC,"$139,457,587.88",141.86813,141.57558,0.00002702,0.00002696,5,5,False,1553565415
Cannabiscoin,188,CANN,X11,42.0,70.0,70.0,3543126,130710.99153935,217993.504890555,13366653187839,1.43e-06,1.42887343532684e-06,0.56717715,BTC,"$1,028,420.54",139.91394,83.92639,0.00020008,0.00012001,36,21,False,1553565534
Crown,165,CRW,SHA-256,62.0,3.6,3.59999999999995,2305759,30475039798.507,33005373913.2095,2111117730304612903,3.518e-05,3.56791376912377e-05,1.60745535,BTC,"$6,649,723.28",0.03327,0.03072,0.00000117,0.00000108,0,0,False,1553565521
DGB-Groestl,112,DGB,Myr-Groestl,75.0,696.2018307126128,696.201830712613,8430084,1575266.19982979,1664090.70652526,90209557476841,3.12e-06,3.09522284122563e-06,77.17962547,BTC,"$140,711,474.38",29.33818,27.77224,0.00009154,0.00008665,16,16,False,1553565559
DGB-Qubit,115,DGB,Qubit,75.0,696.2018307126128,696.201830712613,8430084,1514994.10335904,1126279.92664808,86758001700798,3.12e-06,3.09527121001392e-06,77.17962547,BTC,"$140,711,474.38",30.50532,41.03311,0.00009518,0.00012802,17,23,False,1553565559
DGB-SHA,113,DGB,SHA-256,75.0,696.2018307126128,696.201830712613,8430084,875385821.761466,1043720409.52582,50130046344634426,3.12e-06,3.09540389972146e-06,77.17962547,BTC,"$140,711,474.38",223.92176,187.8154,0.00069864,0.00058598,125,105,False,1553565560
DGB-Scrypt,28,DGB,Scrypt,75.0,696.2018307126128,696.201830712613,8430084,46573.8612186473,53484.1481225742,2667109477100,3.12e-06,3.09528511821976e-06,77.17962547,BTC,"$140,711,474.38",300.59655,261.7714,0.00093786,0.00081673,167,146,False,1553565559
DGB-Skein,114,DGB,Skein,75.0,696.2018307126128,696.201830712613,8430084,845858.314076087,1232140.00648491,48439117280086,3.12e-06,3.09528511821976e-06,77.17962547,BTC,"$140,711,474.38",28.14655,19.32268,0.00008782,0.00006029,16,11,False,1553565559
Dash,34,DASH,X11,161.0,1.672799094127447,1.67279909412745,1042873,50589484.0096063,93585295.7238761,1349566331321577,0.022553,0.0227687454798331,2504.155925815,BTC,"$781,412,410.07",0.00865,0.00467,0.00019502,0.00010542,35,19,False,1553565522
Decred,152,DCR,Blake (14r),277.0,11.046251783926726,11.0462517839268,329987,29004245599.8629,27543388275.5023,449719445113946209,0.00493389,0.0047503588038943,33.02676468,BTC,"$180,333,985.82",0.00069,0.00073,0.0000034,0.00000358,1,1,False,1553564937
Dero,291,DERO,CryptoNight,12.0815,1.213104168085,1.21547460139384,2057527,7773259838.0,8791641997.29903,643401882,0.00022719,0.000225177548746518,7.61440438,BTC,"$5,665,892.82",0.94376,0.83608,0.00021441,0.00018995,38,34,False,1553565526
Dogecoin,6,DOGE,Scrypt,62.0,10000.0,10000.0,2655558,2589733.93700287,3675464.84142329,179400363947881,5.1263e-07,5.0601795549374e-07,336.076858061,BTC,"$242,301,868.53",77.67769,54.73182,0.00003982,0.00002806,7,5,False,1553565420
Electroneum,213,ETN,CryptoNight,126.0,8076.83,8081.63696428571,514573,609878958383.0,599465980191.891,4840309193,1.5084e-06,1.51573685674548e-06,1.619713054,BTC,"$52,698,859.70",68.08034,69.30413,0.00010269,0.00010454,18,19,False,1553565431
GameCredits,147,GAME,Scrypt,94.0,12.5,12.5,2330420,4790.3483259608,8825.85399307103,218876482940,2.391e-05,2.45364534075105e-05,6.04649177,BTC,"$6,643,057.33",52.25371,28.42049,0.00124939,0.00067953,223,122,False,1553565137
Gulden,64,NLG,Scrypt,155.0,80.0,80.0,917417,12474.0834025547,10788.2719330832,345650195235,5.2e-06,5.11517385257297e-06,3.62142219,BTC,"$8,714,899.92",128.64135,148.67625,0.00066894,0.00077312,119,138,False,1553565279
Hanacoin,270,HANA,Lyra2REv2,93.0,50.0,50.0,728019,295.015826,311.054585547564,13624551876,4e-08,3.9541029207232e-08,0.00123575,BTC,"$5,792.71",2269.95785,2158.35152,0.0000908,0.00008633,16,15,False,1553565402
Horizen,185,ZEN,Equihash,151.0,7.5,7.5,487315,4157731.628687,4303869.20676144,225563824,0.001625,0.00163409610027856,96.6548151,BTC,"$36,448,782.96",0.11795,0.11395,0.00019167,0.00018517,34,33,False,1553565504
Karbo,176,KRB,CryptoNight,239.0,11.33828641056061,11.3382864105606,340757,6655767120.0,7016458011.79078,27848397,1.535e-05,1.51819498607242e-05,0.06159865,BTC,"$429,172.89",10.27711,9.75005,0.00015775,0.00014966,28,27,False,1553565416
Komodo,174,KMD,Equihash,60.0,3.0,3.0,1285015,152695193.24492,148633974.158606,40718718,0.0002522,0.000259816016713092,185.38848854,BTC,"$111,885,053.44",0.65768,0.67565,0.00016587,0.0001704,30,30,False,1553565510
LBRY,164,LBC,LBRY,158.0,327.0,327.0,540676,341593871899.859,380196946253.897,9285661445088025316,7.56e-06,7.53464534075101e-06,3.98377388,BTC,"$6,563,709.46",0.00039,0.00035,0.0,0.0,0,0,False,1553565503
Litecoin,4,LTC,Scrypt,140.0,25.0,25.0,1602858,9814789.671,9507467.7475385,301101433243311,0.0150207,0.0149479157162726,15623.7285606339,BTC,"$3,648,103,215.88",0.05124,0.0529,0.00076967,0.00079455,137,142,False,1553565417
LitecoinCash,231,LCC,SHA-256,105.0,250.0,250.0,1602660,263930710.585,275550189.32863,10795940670215390,2.33e-06,2.34528511821975e-06,0.2559203,BTC,"$5,709,153.50",266.42144,255.20085,0.00062076,0.00059462,111,106,False,1553565512
Monacoin,148,MONA,Lyra2REv2,93.0,25.0,25.0,1615670,471350.117059996,378473.468745349,21768100405789,0.00012802,0.000127183073713491,4.0118492,BTC,"$33,217,407.24",0.74685,0.93012,0.00009561,0.00011907,17,21,False,1553565268
Myriad-Groestl,49,XMY,Myr-Groestl,300.0,250.0,250.0,2737443,72127.8978958879,105282.547146241,1032623208640,3e-07,2.9438108484006e-07,1.79553915,BTC,"$1,953,246.80",229.36063,157.2902,0.00006881,0.00004719,12,8,True,1553061636
Myriad-SHA,56,XMY,SHA-256,300.0,250.0,250.0,2737443,235704440055.644,461723642592.578,3374476205203276666,3e-07,2.94367176634219e-07,1.79553915,BTC,"$1,953,246.80",0.29871,0.15249,0.00000009,0.00000005,0,0,True,1553061636
Myriad-Scrypt,32,XMY,Scrypt,300.0,250.0,250.0,2737443,6650063.20801277,5448889.18940111,95206013315825,3e-07,2.94353268428377e-07,1.79553915,BTC,"$1,953,246.80",0.75625,0.92295,0.00000023,0.00000028,0,0,True,1553061636
Myriad-Skein,67,XMY,Skein,300.0,250.0,250.0,2737443,73104.4702688263,62111.5921794317,1046604363320,3e-07,2.9438108484006e-07,1.79553915,BTC,"$1,953,246.80",116.75998,137.38543,0.00003503,0.00004122,6,7,True,1553061635
Nicehash-Blake (14r),16,NICEHASH,Blake (14r),1,1.0,1.0,0,1.0,1.0,19560445906200,0.0079,0.0074,0.00015937490117254002,BTC,$0.00,0.0,0.0,7.1e-07,6.7e-07,0,0,False,1553565560
Nicehash-CryptoNight,17,NICEHASH,CryptoNight,1,1.0,1.0,0,1.0,1.0,162470870,1.9924,2.0516,0.37859740170800005,BTC,$0.00,0.00014,0.00014,0.00013947,0.00014361,25,26,False,1553565560
Nicehash-Equihash,19,NICEHASH,Equihash,1,1.0,1.0,0,1.0,1.0,179291000,0.029,0.0312,5.652770448,BTC,$0.00,0.00018,0.00019,0.0001798,0.00019344,32,35,False,1553565559
Nicehash-LBRY,18,NICEHASH,LBRY,1,1.0,1.0,0,1.0,1.0,42645185994850,0.0056,0.0056,0.29119827848305596,BTC,$0.00,0.00011,0.00011,0.000112,0.000112,20,20,False,1553565559
Nicehash-Lyra2REv2,12,NICEHASH,Lyra2REv2,1,1.0,1.0,0,1.0,1.0,12506979735680,0.124,0.1494,1.845556428186432,BTC,$0.00,9.0e-05,0.0001,8.68e-05,0.00010458,15,19,False,1553565558
Nicehash-Pascal,20,NICEHASH,Pascal,1,1.0,1.0,0,1.0,1.0,4727174594800,0.0002,0.0002,0.0007443529268900001,BTC,$0.00,0.0,0.0,4.0e-06,4.0e-06,1,1,False,1553565560
Nicehash-Quark,10,NICEHASH,Quark,1,1.0,1.0,0,1.0,1.0,5462727535800,0.0343,0.0291,0.07477078394352,BTC,$0.00,0.00011,0.0001,0.00011319,9.603e-05,20,17,False,1553565559
Nicehash-Qubit,7,NICEHASH,Qubit,1,1.0,1.0,0,1.0,1.0,13001472910620,0.036,0.0335,0.5423759400822701,BTC,$0.00,0.00012,0.00011,0.0001188,0.00011055,21,20,False,1553565559
Nicehash-SHA,11,NICEHASH,SHA-256,1,1.0,1.0,0,1.0,1.0,316455883423064000,0.0396,0.0394,13.359685352273319,BTC,$0.00,0.00055,0.00055,0.0005544,0.0005516,99,99,False,1553565559
Nicehash-Scrypt,1,NICEHASH,Scrypt,1,1.0,1.0,0,1.0,1.0,11147988878720,0.7558,0.778,8.81996368176198,BTC,$0.00,0.00076,0.00078,0.0007558,0.000778,135,139,False,1553565559
Nicehash-Sia,22,NICEHASH,Sia,1,1.0,1.0,0,1.0,1.0,2748736000,0.0823,0.0035,4.2910343e-10,BTC,$0.00,1.0e-05,0.0,1.111e-05,4.7e-07,2,0,False,1553565559
Nicehash-X11,2,NICEHASH,X11,1,1.0,1.0,0,1.0,1.0,678644933702690,0.0127,0.0086,5.949867864292518,BTC,$0.00,0.00017,0.00011,0.0001651,0.0001118,29,20,False,1553565559
Nicehash-X11Gost,21,NICEHASH,X11Gost,1,1.0,1.0,0,1.0,1.0,7075777470,0.0001,0.0001,0.00063343139,BTC,$0.00,5.0e-05,5.0e-05,4.5e-05,4.5e-05,8,8,False,1553565558
Peercoin,52,PPC,SHA-256,2700.0,43.62565225149919,43.5942416431795,421674,2759678821.7283,2768075106.3168,4389900106217355,0.000129,0.000128920180806677,2.895326018,BTC,"$12,975,137.49",4.43795,4.42135,0.0005725,0.00057035,102,102,False,1553565025
Pirate,298,ARRR,Equihash,60.0,256.0,256.0,296723,332757558.268419,316142938.134038,88735348,7.34e-06,7.35162726008338e-06,0.13550972,BTC,"$2,218,062.20",25.75533,27.10878,0.00018904,0.00019898,34,36,False,1553565514
Sia,161,SC,Sia,582.0,100058.0,100132.343065693,199942,1.22233420054051e+18,1.22888916111746e+18,2100230585121151,6.6e-07,6.64200278164111e-07,34.71805916,BTC,"$102,509,512.01",954.73194,950.34525,0.00063012,0.00062723,112,112,False,1553565134
Sibcoin,169,SIB,X11Gost,155.0,1.8014759475218658,1.80147594752187,774679,8416.309711605,6269.66327190495,233211451382,1.697e-05,1.68678720445063e-05,7.90965305,BTC,"$1,168,714.73",1.93391,2.59434,0.00003282,0.00004403,6,8,False,1553565139
Straks,240,STAK,Lyra2REv2,557.0,3.8,3.8,572813,1618.97343051,1325.2580075025,12483730587,2.78e-06,2.70724617524336e-06,0.00018595,BTC,"$124,898.73",31.29694,37.78857,0.00008701,0.00010505,16,19,False,1553565044
Sumokoin,196,SUMO,CryptoNight,235.0,56.28,56.2800000000003,264400,17107477524.0,15683804804.4853,72797776,6.12e-06,6.15257660167132e-06,0.13063903,BTC,"$226,108.05",19.87753,21.67999,0.00012165,0.00013268,22,24,False,1553565281
Verge-Groestl,218,XVG,Myr-Groestl,150.0,730.0,730.0,3000249,910011.37255519,831947.918288595,26056460560750,1.66e-06,1.66991643454038e-06,340.57297572,BTC,"$100,198,641.06",47.92161,52.41757,0.00007955,0.00008701,14,16,False,1553565559
Verge-Lyra2REv2,217,XVG,Lyra2REv2,150.0,730.0,730.0,3000249,109368.51948052,135492.119057851,3131561429205,1.66e-06,1.66991643454038e-06,340.57297572,BTC,"$100,198,641.06",84.57225,68.26921,0.00014039,0.00011333,25,20,False,1553565558
Verge-Scrypt,150,XVG,Scrypt,150.0,730.0,730.0,3000249,39576.6880143,27540.0651201539,1133203871369,1.66e-06,1.66991643454038e-06,340.57297572,BTC,"$100,198,641.06",333.6543,479.2961,0.00055387,0.00079563,99,142,False,1553565558
Viacoin,107,VIA,Scrypt,24.0,0.625,0.625,6126510,394022.88337943,425159.662102779,70513141582928,0.00012723,0.000131330278164117,33.20482037,BTC,"$11,709,477.81",0.03191,0.02957,0.00000406,0.00000376,1,1,False,1553565519
Zcash,166,ZEC,Equihash,150.0,10.0,10.0,504044,50365462.7672822,49785186.5637661,2750625806,0.013973,0.0140302573018081,1663.707937637,BTC,"$318,021,362.37",0.01298,0.01313,0.00018141,0.00018353,32,33,False,1553565504
Zclassic,167,ZCL,Equihash,147.0,12.5,12.5,493396,1036928.8034766,1207868.03512453,57785855,0.0002691,0.00026971685236769,11.13808273,BTC,"$6,175,951.29",0.78819,0.67665,0.0002121,0.00018209,38,33,False,1553564793
