coin,id,tag,algorithm,block_time,block_reward,block_reward24,last_block,difficulty,difficulty24,nethash,exchange_rate,exchange_rate24,exchange_rate_vol,exchange_rate_curr,market_cap,estimated_rewards,estimated_rewards24,btc_revenue,btc_revenue24,profitability,profitability24,lagging,timestamp
Bitcoin,1,BTC,SHA-256,576.0,12.6244,12.6505669172932,568506,6068891541676.0,6068891541676.0,45252935233453888888,4063.1,4055.77172701948,4367.90676293,BTC,"$71,077,787,029.70",0.00059,0.00059,0.00058585,0.00058706,100,100,False,1553385144
BitcoinCashABC,193,BCH,SHA-256,581.0,12.5,12.5,575111,241956208450.75,236079065013.534,1788629952427074010,0.04142667,0.0409760542817294,498.7179908,BTC,"$2,958,800,227.42",0.01455,0.01491,0.00060275,0.00061775,103,105,False,1553385516
BitcoinSV,289,BSV,SHA-256,540.0,12.5,12.5,574994,121014066136.58,111232328828.358,962502697060355925,0.01659195,0.0166211079387187,11.66122537,BTC,"$1,184,986,069.63",0.02909,0.03165,0.00048267,0.00052511,82,89,False,1553385050
Bytecoin,103,BCN,CryptoNight,121.0,938.1159324,939.3410034046,1752997,43230864895.0,44516441066.28,357279875,1.89e-07,1.8746057023644e-07,18.886927198,BTC,"$141,349,685.18",131.21675,127.59451,0.0000248,0.00002412,4,4,False,1553385506
Cannabiscoin,188,CANN,X11,42.0,70.0,70.0,3538888,196904.7486162,223521.151539652,20135701326992,1.42e-06,1.42229805013929e-06,0.39309911,BTC,"$1,041,259.51",92.90921,81.85208,0.00013193,0.00011623,23,20,False,1553385518
Crown,165,CRW,SHA-256,62.0,3.6,3.59999999999995,2302879,14327534408.097,11718621274.903,992520834114376290,3.5e-05,3.51577019498608e-05,1.55011655,BTC,"$6,752,430.76",0.07076,0.08652,0.00000248,0.00000303,0,1,False,1553385504
DGB-Groestl,112,DGB,Myr-Groestl,75.0,696.2018307126128,696.201830712613,8418078,1406217.63485748,1753887.79469371,80528783370284,3.14e-06,3.16721059972107e-06,51.41171219,BTC,"$144,628,416.97",32.86492,26.35038,0.0001032,0.00008274,18,14,False,1553385550
DGB-Qubit,115,DGB,Qubit,75.0,696.2018307126128,696.201830712613,8418078,2861687.94977773,1347893.30439158,163878082075368,3.14e-06,3.1671408647141e-06,51.41171219,BTC,"$144,628,416.97",16.14998,34.28695,0.00005071,0.00010766,9,18,False,1553385549
DGB-SHA,113,DGB,SHA-256,75.0,696.2018307126128,696.201830712613,8418078,1273865086.3212,1044577046.17745,72949451803543600,3.14e-06,3.16711699164347e-06,51.41171219,BTC,"$144,628,416.97",153.88997,187.66141,0.00048321,0.00058926,82,100,False,1553385550
DGB-Scrypt,28,DGB,Scrypt,75.0,696.2018307126128,696.201830712613,8418078,51438.4133371659,55106.4788568132,2945684040550,3.14e-06,3.16720055710308e-06,51.41171219,BTC,"$144,628,416.97",272.17866,254.06731,0.00085464,0.00079777,146,136,False,1553385550
DGB-Skein,114,DGB,Skein,75.0,696.2018307126128,696.201830712613,8418078,1360905.80254829,1356672.1111494,77933945531753,3.14e-06,3.16710306406687e-06,51.41171219,BTC,"$144,628,416.97",17.49446,17.54905,0.00005493,0.0000551,9,9,False,1553385550
Dash,34,DASH,X11,157.0,1.672799094127447,1.67279909412745,1041740,88702247.6129393,94766471.3042778,2426581226619543,0.0229,0.0227374464534075,1734.303574482,BTC,"$809,974,721.07",0.00493,0.00462,0.00011294,0.00010571,19,18,False,1553385389
Decred,152,DCR,Blake (14r),297.0,11.046251783926726,11.0462517839267,329377,27958067271.1351,29472631804.9012,404306345417148821,0.00468974,0.00471131659248959,7.36805892,BTC,"$175,059,607.34",0.00072,0.00068,0.00000335,0.00000318,1,1,False,1553385258
Dero,291,DERO,CryptoNight,12.0918,1.215223539064,1.21733021741672,2042582,7553788035.0,8594879114.03894,624703355,0.00022216,0.00022499512534819,4.71292599,BTC,"$5,658,405.60",0.97287,0.85652,0.00021613,0.00019028,37,32,False,1553385513
Dogecoin,6,DOGE,Scrypt,62.0,10000.0,10000.0,2652669,3444673.03041791,3601146.67325699,238625129210615,5.048e-07,5.04358595271212e-07,223.6478763692,BTC,"$243,623,598.05",58.39882,55.86134,0.00002948,0.0000282,5,5,False,1553385509
Electroneum,213,ETN,CryptoNight,114.0,8098.45,8104.73688984881,513100,622413443678.0,572594696198.521,5459767049,1.57e-06,1.55532033426183e-06,1.91564889,BTC,"$56,018,749.73",66.88798,72.76395,0.00010501,0.00011424,18,19,False,1553385045
GameCredits,147,GAME,Scrypt,94.0,12.5,12.5,2328507,8552.599711256,9170.73538114374,390778043144,2.534e-05,2.53006128133706e-05,1.82015328,BTC,"$7,190,251.81",29.3262,27.35423,0.00074313,0.00069316,127,118,False,1553384911
Gulden,64,NLG,Scrypt,158.0,80.0,80.0,916260,10576.1531471855,11443.3517040319,287495138510,5.38e-06,5.45798050139276e-06,3.8930248,BTC,"$9,208,531.99",151.63803,140.18344,0.00081581,0.00075419,139,128,False,1553382264
Hanacoin,270,HANA,Lyra2REv2,116.0,50.0,50.0,726104,346.932462,244.561017867647,12845375674,4e-08,3.99999999999997e-08,0.0013936,BTC,"$5,900.47",1924.56571,2672.36589,0.00007698,0.00010689,13,18,False,1553384812
Horizen,185,ZEN,Equihash,152.0,7.5,7.5,486120,3968068.1752016,4272550.68458691,213857990,0.001622,0.0016146926286509,44.76380037,BTC,"$37,156,053.63",0.12359,0.11478,0.00020046,0.00018618,34,32,False,1553384783
Karbo,176,KRB,CryptoNight,240.0,11.33828641056061,11.3382864105606,340012,7745208576.0,6714007362.45548,32271702,1.499e-05,1.49862674094707e-05,0.03720567,BTC,"$428,030.38",8.83456,10.18807,0.00013243,0.00015272,23,26,False,1553385042
Komodo,174,KMD,Equihash,59.0,3.0,3.0,1282038,176335245.90051,157941618.289024,47819727,0.0002628,0.000263665924895688,105.39866816,BTC,"$119,069,743.28",0.56952,0.63584,0.00014967,0.0001671,26,28,False,1553385502
LBRY,164,LBC,LBRY,160.0,327.0,327.0,539543,5238758.1800769,5365312.39032705,140626844094267,7.38e-06,7.2716295264624e-06,5.08266974,BTC,"$6,543,844.65",25.1097,24.51751,0.00018531,0.00018094,32,31,False,1553385504
Litecoin,4,LTC,Scrypt,143.0,25.0,25.0,1601616,9421612.734,9421612.73400008,282975654322427,0.015198,0.0150803300417246,13996.2187858046,BTC,"$3,767,831,766.43",0.05338,0.05338,0.00081125,0.00081125,138,138,False,1553385394
LitecoinCash,231,LCC,SHA-256,106.0,250.0,250.0,1600955,259365136.301,293649879.672395,10509101680522424,2.42e-06,2.447107093185e-06,0.47530531,BTC,"$6,051,730.21",271.10165,239.48669,0.00065607,0.00057956,112,99,False,1553385269
Monacoin,148,MONA,Lyra2REv2,94.0,25.0,25.0,1613759,326456.829871103,383121.686163342,14916185189917,0.00012981,0.000129545473537604,1.75069302,BTC,"$34,398,944.98",1.07832,0.91884,0.00013998,0.00011927,24,20,False,1553385495
Myriad-Groestl,49,XMY,Myr-Groestl,300.0,250.0,250.0,2737443,72127.8978958879,105282.547146241,1032623208640,3.1e-07,3.0963737796374e-07,1.60201689,BTC,"$2,061,325.74",229.36063,157.2902,0.0000711,0.00004876,12,8,True,1553061636
Myriad-SHA,56,XMY,SHA-256,300.0,250.0,250.0,2737443,235704440055.644,461723642592.578,3374476205203276666,3.1e-07,3.09623430962345e-07,1.60201689,BTC,"$2,061,325.74",0.29871,0.15249,0.00000009,0.00000005,0,0,True,1553061636
Myriad-Scrypt,32,XMY,Scrypt,300.0,250.0,250.0,2737443,6650063.20801277,5448889.18940111,95206013315825,3.1e-07,3.0965181058496e-07,1.60201689,BTC,"$2,061,325.74",0.75625,0.92295,0.00000023,0.00000029,0,0,True,1553061636
Myriad-Skein,67,XMY,Skein,300.0,250.0,250.0,2737443,73104.4702688263,62111.5921794317,1046604363320,3.1e-07,3.09665738161562e-07,1.60201689,BTC,"$2,061,325.74",116.75998,137.38543,0.0000362,0.00004259,6,7,True,1553061635
Nicehash-Blake (14r),16,NICEHASH,Blake (14r),1,1.0,1.0,0,1.0,1.0,22110479779120,0.06,0.06,0.0013539420312498,BTC,$0.00,1.0e-05,1.0e-05,5.4e-06,5.4e-06,1,1,False,1553385550
Nicehash-CryptoNight,17,NICEHASH,CryptoNight,1,1.0,1.0,0,1.0,1.0,188083000,1.8189,2.0667,0.398739053838,BTC,$0.00,0.00013,0.00014,0.00012732,0.00014467,22,25,False,1553385550
Nicehash-Equihash,19,NICEHASH,Equihash,1,1.0,1.0,0,1.0,1.0,172946250,0.0337,0.0309,5.412041373,BTC,$0.00,0.00021,0.00019,0.00020894,0.00019158,36,33,False,1553385550
Nicehash-LBRY,18,NICEHASH,LBRY,1,1.0,1.0,0,1.0,1.0,51056447704640,0.0064,0.0065,0.33077977241413,BTC,$0.00,0.00013,0.00013,0.000128,0.00013,22,22,False,1553385549
Nicehash-Lyra2REv2,12,NICEHASH,Lyra2REv2,1,1.0,1.0,0,1.0,1.0,12733265389420,0.1764,0.1558,1.7752399770832201,BTC,$0.00,0.00012,0.00011,0.00012348,0.00010906,21,19,False,1553385549
Nicehash-Pascal,20,NICEHASH,Pascal,1,1.0,1.0,0,1.0,1.0,3206818173390,0.0002,0.0002,0.000675198079614,BTC,$0.00,0.0,0.0,4.0e-06,4.0e-06,1,1,False,1553385549
Nicehash-Quark,10,NICEHASH,Quark,1,1.0,1.0,0,1.0,1.0,1642551187350,0.025,0.028,0.0826345700194,BTC,$0.00,8.0e-05,9.0e-05,8.25e-05,9.24e-05,14,16,False,1553385549
Nicehash-Qubit,7,NICEHASH,Qubit,1,1.0,1.0,0,1.0,1.0,15377961002540,0.0234,0.0297,0.413999759856375,BTC,$0.00,8.0e-05,0.0001,7.722e-05,9.801e-05,13,17,False,1553385550
Nicehash-SHA,11,NICEHASH,SHA-256,1,1.0,1.0,0,1.0,1.0,349956344053578048,0.0408,0.0417,14.723112888939985,BTC,$0.00,0.00057,0.00058,0.0005712,0.0005838,98,99,False,1553385550
Nicehash-Scrypt,1,NICEHASH,Scrypt,1,1.0,1.0,0,1.0,1.0,11818205867600,0.7929,0.7934,9.364204736840316,BTC,$0.00,0.00079,0.00079,0.0007929,0.0007934,135,135,False,1553385549
Nicehash-Sia,22,NICEHASH,Sia,1,1.0,1.0,0,1.0,1.0,0,0.0,0.0652,1.4254611451999999e-08,BTC,$0.00,0.0,1.0e-05,0.0,8.8e-06,0,1,False,1553385549
Nicehash-X11,2,NICEHASH,X11,1,1.0,1.0,0,1.0,1.0,699166119157770,0.0113,0.0085,5.91140915313582,BTC,$0.00,0.00015,0.00011,0.0001469,0.0001105,25,19,False,1553385549
Nicehash-X11Gost,21,NICEHASH,X11Gost,1,1.0,1.0,0,1.0,1.0,10820444220,0.0001,0.0001,0.0010974184490000001,BTC,$0.00,5.0e-05,5.0e-05,4.5e-05,4.5e-05,8,8,False,1553385549
Peercoin,52,PPC,SHA-256,2700.0,44.308059131770065,44.4456353815285,421194,2593554431.0942,2561908885.58253,4125641282202029,0.00013126,0.000126171585535465,3.827963316,BTC,"$13,481,835.20",4.7951,4.8692,0.00062941,0.00063913,107,109,False,1553385397
Pirate,298,ARRR,Equihash,61.0,256.0,256.0,293781,282500436.518,324370345.446724,74098475,7.33e-06,7.54506258692643e-06,0.06965499,BTC,"$2,239,767.69",30.33681,26.42121,0.00022237,0.00019367,38,33,False,1553385520
Sia,161,SC,Sia,669.0,100366.0,100430.302521008,199634,1.16816125687556e+18,1.22349934340834e+18,1746130428812496,6.7e-07,6.61671309192194e-07,25.80993151,BTC,"$106,278,177.47",1002.06929,957.36266,0.00067139,0.00064143,115,109,False,1553385510
Sibcoin,169,SIB,X11Gost,156.0,1.8014759475218658,1.80147594752187,773542,9565.0780033807,6742.02898408628,263344212873,1.626e-05,1.61074058577407e-05,0.95029205,BTC,"$1,143,658.29",1.70202,2.41297,0.00002767,0.00003923,5,7,False,1553385379
Straks,240,STAK,Lyra2REv2,318.0,3.8,3.8,572323,1630.68265468,1131.46941622038,22024304000,2.85e-06,2.64194714881778e-06,0.00061637,BTC,"$130,769.71",31.8037,45.22115,0.00009064,0.00012888,15,22,True,1553375300
Sumokoin,196,SUMO,CryptoNight,233.0,56.28,56.2800000000002,263653,18392508458.0,16260542503.61,78937804,6.38e-06,6.87501392757661e-06,0.26253981,BTC,"$240,732.29",18.49013,20.91199,0.00011797,0.00013342,20,23,False,1553384542
Verge-Groestl,218,XVG,Myr-Groestl,150.0,730.0,730.0,2994853,841553.61748052,804825.646386447,24096301766062,1.74e-06,1.73652294853965e-06,235.41324049,BTC,"$107,263,522.93",51.81935,54.18377,0.00009017,0.00009428,15,16,False,1553385549
Verge-Lyra2REv2,217,XVG,Lyra2REv2,150.0,730.0,730.0,2994853,183455.77411358,132110.288792509,5252910333867,1.74e-06,1.73652294853965e-06,235.41324049,BTC,"$107,263,522.93",50.42293,70.01648,0.00008774,0.00012183,15,21,False,1553385549
Verge-Scrypt,150,XVG,Scrypt,150.0,730.0,730.0,2994853,25122.99587611,28318.7169059813,719349637769,1.74e-06,1.73652294853965e-06,235.41324049,BTC,"$107,263,522.93",525.34489,466.1336,0.0009141,0.00081107,156,138,False,1553385549
Viacoin,107,VIA,Scrypt,24.0,0.625,0.625,6119021,387428.73341396,423001.326213811,69333072480985,0.0001267,0.000125690571030641,2.44812336,BTC,"$11,908,805.13",0.03245,0.02972,0.00000411,0.00000377,1,1,False,1553385506
Zcash,166,ZEC,Equihash,155.0,10.0,10.0,502840,38730637.0288804,46961310.902358,2046976635,0.014182,0.0139343908205841,1552.485816311,BTC,"$329,650,076.36",0.01688,0.01392,0.00023944,0.00019747,41,34,False,1553385375
Zclassic,167,ZCL,Equihash,153.0,12.5,12.5,492216,1152648.801594,1213851.48440158,61715679,0.000271,0.000271191059972106,7.22808502,BTC,"$6,351,971.20",0.70906,0.67332,0.00019216,0.00018247,33,31,False,1553384438
