,id,tag,algorithm,block_time,block_reward,block_reward24,last_block,difficulty,difficulty24,nethash,exchange_rate,exchange_rate24,exchange_rate_vol,exchange_rate_curr,market_cap,estimated_rewards,estimated_rewards24,btc_revenue,btc_revenue24,profitability,profitability24,lagging,timestamp
Bitcoin,1,BTC,SHA-256,578.0,12.6224,12.6542037593985,568496,6068891541676.0,6068891541676.0,45096350682473079584,4062.3,4055.24413012728,4431.10596762,BTC,"$71,063,792,240.10",0.00059,0.00059,0.00058575,0.00058723,100,100,False,1553380126
BitcoinCashABC,193,BCH,SHA-256,576.0,12.5,12.5,575104,247240436470.6,235440388384.085,1843558314045126736,0.04105958,0.0408859943201133,490.36740411,BTC,"$2,932,004,299.69",0.01424,0.01495,0.00058464,0.00061394,100,105,False,1553380617
BitcoinSV,289,BSV,SHA-256,535.0,12.5,12.5,574990,123345757282.05,109778677014.384,990216810517305794,0.01657301,0.016620965261669,11.70861387,BTC,"$1,183,400,337.08",0.02854,0.03207,0.000473,0.00053146,81,91,False,1553380616
Bytecoin,103,BCN,CryptoNight,121.0,938.29007168,939.481297291892,1752948,43557361051.0,44383423972.9279,359978190,1.8934e-07,1.87220847457628e-07,17.993386318,BTC,"$141,576,084.06",130.25755,127.99596,0.00002466,0.00002423,4,4,False,1553380603
Cannabiscoin,188,CANN,X11,42.0,70.0,70.0,3538776,229108.63312462,225957.593558502,23428906821464,1.43e-06,1.42253182461105e-06,0.40064478,BTC,"$1,048,339.91",79.85698,80.96999,0.0001142,0.00011579,19,20,False,1553380617
Crown,165,CRW,SHA-256,62.0,3.6,3.59999999999995,2302799,13060055894.231,11698995261.141,904717950800873870,3.5e-05,3.52046817538898e-05,1.58603194,BTC,"$6,750,951.96",0.07763,0.08666,0.00000272,0.00000303,0,1,False,1553380611
DGB-Groestl,112,DGB,Myr-Groestl,75.0,696.2018307126128,696.201830712613,8417747,1961919.22914681,1781474.29493991,112351719021054,3.14e-06,3.16998583569406e-06,53.34902511,BTC,"$144,599,940.50",23.55641,25.94235,0.00007397,0.00008146,13,14,False,1553380602
DGB-Qubit,115,DGB,Qubit,75.0,696.2018307126128,696.201830712613,8417747,579576.182897072,1343410.52759331,33190143347779,3.14e-06,3.16990084985837e-06,53.34902511,BTC,"$144,599,940.50",79.73505,34.40136,0.00025037,0.00010802,43,18,False,1553380601
DGB-SHA,113,DGB,SHA-256,75.0,696.2018307126128,696.201830712613,8417747,824566381.558725,1037627654.98079,47219808562343746,3.14e-06,3.16987270155588e-06,53.34902511,BTC,"$144,599,940.50",237.71835,188.91795,0.00074644,0.0005932,127,101,False,1553380602
DGB-Scrypt,28,DGB,Scrypt,75.0,696.2018307126128,696.201830712613,8417747,49795.3850969844,55858.4705765042,2851594006443,3.14e-06,3.16998585572844e-06,53.34902511,BTC,"$144,599,940.50",281.15621,250.64801,0.00088283,0.00078703,151,134,False,1553380602
DGB-Skein,114,DGB,Skein,75.0,696.2018307126128,696.201830712613,8417747,913486.978126059,1374561.30255862,52311955951643,3.14e-06,3.16985855728431e-06,53.34902511,BTC,"$144,599,940.50",26.06283,17.32066,0.00008184,0.00005439,14,9,False,1553380601
Dash,34,DASH,X11,155.0,1.672799094127447,1.67279909412745,1041711,97987438.8057307,95869551.2682948,2715179645738159,0.022742,0.0227319985875706,1772.729984318,BTC,"$804,218,906.98",0.00446,0.00456,0.00010153,0.00010377,17,18,False,1553380341
Decred,152,DCR,Blake (14r),296.0,11.046251783926726,11.0462517839267,329359,27958067271.1351,29639027241.3735,405672245232747297,0.00467675,0.00471216137005652,7.36805892,BTC,"$174,540,341.16",0.00072,0.00067,0.00000335,0.00000316,1,1,False,1553380614
Dero,291,DERO,CryptoNight,12.1043,1.215282907273,1.21734505919308,2042164,8175413594.0,8675795735.96181,675413992,0.00022205,0.000225295063649222,4.73746929,BTC,"$5,654,490.35",0.89895,0.84854,0.00019961,0.00018842,34,32,False,1553380615
Dogecoin,6,DOGE,Scrypt,62.0,10000.0,10000.0,2652592,2679113.66015668,3621924.00187529,185592025042577,5.0522e-07,5.04330579096046e-07,213.1353101458,BTC,"$243,778,288.04",75.08625,55.54089,0.00003794,0.00002806,6,5,False,1553380607
Electroneum,213,ETN,CryptoNight,113.0,8098.79,8105.16564377682,513078,628480906808.0,569239514137.23,5561777936,1.56e-06,1.55514851485148e-06,1.91526198,BTC,"$55,650,982.91",66.24503,73.1967,0.00010334,0.00011419,18,19,False,1553380610
GameCredits,147,GAME,Scrypt,94.0,12.5,12.5,2328455,7855.2870491794,9190.92991798782,358917031669,2.547e-05,2.52806930693071e-05,1.92034663,BTC,"$7,225,716.46",31.92225,27.29427,0.00081306,0.00069519,139,118,False,1553379151
Gulden,64,NLG,Scrypt,160.0,80.0,80.0,916243,14033.7921840282,11386.2269479186,376716740432,5.36e-06,5.46917963224894e-06,3.9372682,BTC,"$9,172,493.16",114.37142,140.87874,0.00061303,0.00075511,105,129,False,1553380002
Hanacoin,270,HANA,Lyra2REv2,110.0,50.0,50.0,726011,508.084797,248.834852518349,19838250788,4e-08,3.99999999999997e-08,0.0013936,BTC,"$5,898.56",1338.52242,2639.34789,0.00005354,0.00010557,9,18,True,1553370529
Horizen,185,ZEN,Equihash,151.0,7.5,7.5,486091,3823759.1995875,4310506.74361723,207445267,0.001615,0.0016150127118644,44.5804738,BTC,"$36,988,416.52",0.12825,0.11377,0.00020713,0.00018374,35,31,False,1553380603
Karbo,176,KRB,CryptoNight,239.0,11.33828641056061,11.3382864105606,339995,8686725856.0,6625663961.49828,36346133,1.499e-05,1.49934229137199e-05,0.04039608,BTC,"$427,946.11",7.87893,10.32368,0.00011811,0.00015475,20,26,False,1553380606
Komodo,174,KMD,Equihash,60.0,3.0,3.0,1281947,143404590.23827,157960468.053455,38241224,0.0002643,0.000263617655367231,104.70943061,BTC,"$119,725,787.17",0.70028,0.63576,0.00018508,0.00016803,32,29,False,1553380620
LBRY,164,LBC,LBRY,159.0,327.0,327.0,539517,5464278.75933703,5385431.15273389,147603135645157,7.34e-06,7.25759547383308e-06,5.11702911,BTC,"$6,507,095.19",24.07354,24.42595,0.0001767,0.00017929,30,31,False,1553380621
Litecoin,4,LTC,Scrypt,143.0,25.0,25.0,1601577,9421612.734,9421612.73400007,282975654322427,0.0151802,0.0150650299435028,13858.1618779309,BTC,"$3,762,617,737.03",0.05338,0.05338,0.0008103,0.0008103,138,138,False,1553380609
LitecoinCash,231,LCC,SHA-256,104.0,250.0,250.0,1600914,357310572.649,295489644.114781,14756127154254682,2.43e-06,2.44625706214691e-06,0.47809665,BTC,"$6,075,439.71",196.86305,238.0026,0.00047838,0.00057835,82,98,False,1553380608
Monacoin,148,MONA,Lyra2REv2,94.0,25.0,25.0,1613709,361421.753569365,386042.054432411,16513772464291,0.00012982,0.000129525176803395,1.6429918,BTC,"$34,394,821.46",0.974,0.91189,0.00012644,0.00011838,22,20,False,1553380616
Myriad-Groestl,49,XMY,Myr-Groestl,300.0,250.0,250.0,2737443,72127.8978958879,105282.547146241,1032623208640,3.1e-07,3.09702970297032e-07,1.45632561,BTC,"$2,060,919.87",229.36063,157.2902,0.0000711,0.00004876,12,8,True,1553061636
Myriad-SHA,56,XMY,SHA-256,300.0,250.0,250.0,2737443,235704440055.644,461723642592.578,3374476205203276666,3.1e-07,3.09688385269124e-07,1.45632561,BTC,"$2,060,919.87",0.29871,0.15249,0.00000009,0.00000005,0,0,True,1553061636
Myriad-Scrypt,32,XMY,Scrypt,300.0,250.0,250.0,2737443,6650063.20801277,5448889.18940111,95206013315825,3.1e-07,3.09702970297032e-07,1.45632561,BTC,"$2,060,919.87",0.75625,0.92295,0.00000023,0.00000029,0,0,True,1553061636
Myriad-Skein,67,XMY,Skein,300.0,250.0,250.0,2737443,73104.4702688263,62111.5921794317,1046604363320,3.1e-07,3.09731258840172e-07,1.45632561,BTC,"$2,060,919.87",116.75998,137.38543,0.0000362,0.00004259,6,7,True,1553061635
Nicehash-Blake (14r),16,NICEHASH,Blake (14r),1,1.0,1.0,0,1.0,1.0,20446729579940,0.06,0.06,0.0013583412593586,BTC,$0.00,1.0e-05,1.0e-05,5.4e-06,5.4e-06,1,1,False,1553380603
Nicehash-CryptoNight,17,NICEHASH,CryptoNight,1,1.0,1.0,0,1.0,1.0,191516720,1.8607,2.0848,0.402544275136,BTC,$0.00,0.00013,0.00015,0.00013025,0.00014594,22,25,False,1553380603
Nicehash-Equihash,19,NICEHASH,Equihash,1,1.0,1.0,0,1.0,1.0,179650570,0.0326,0.0307,5.385726788,BTC,$0.00,0.0002,0.00019,0.00020212,0.00019034,35,32,False,1553380603
Nicehash-LBRY,18,NICEHASH,LBRY,1,1.0,1.0,0,1.0,1.0,51746630882000,0.0064,0.0065,0.3307830339281,BTC,$0.00,0.00013,0.00013,0.000128,0.00013,22,22,False,1553380602
Nicehash-Lyra2REv2,12,NICEHASH,Lyra2REv2,1,1.0,1.0,0,1.0,1.0,12593734684640,0.1608,0.1555,1.769872235990975,BTC,$0.00,0.00011,0.00011,0.00011256,0.00010885,19,19,False,1553380602
Nicehash-Pascal,20,NICEHASH,Pascal,1,1.0,1.0,0,1.0,1.0,3366252999000,0.0002,0.0002,0.0006758994841680001,BTC,$0.00,0.0,0.0,4.0e-06,4.0e-06,1,1,False,1553380603
Nicehash-Quark,10,NICEHASH,Quark,1,1.0,1.0,0,1.0,1.0,1365252204810,0.0245,0.028,0.0821633429862,BTC,$0.00,8.0e-05,9.0e-05,8.085e-05,9.24e-05,14,16,False,1553380603
Nicehash-Qubit,7,NICEHASH,Qubit,1,1.0,1.0,0,1.0,1.0,16730227295969,0.0476,0.0299,0.41817026605387797,BTC,$0.00,0.00016,0.0001,0.00015708,9.867e-05,27,17,False,1553380603
Nicehash-SHA,11,NICEHASH,SHA-256,1,1.0,1.0,0,1.0,1.0,350257741948858048,0.0408,0.0417,14.736451184379987,BTC,$0.00,0.00057,0.00058,0.0005712,0.0005838,98,99,False,1553380603
Nicehash-Scrypt,1,NICEHASH,Scrypt,1,1.0,1.0,0,1.0,1.0,11788273354440,0.7901,0.7925,9.350648505087474,BTC,$0.00,0.00079,0.00079,0.0007901,0.0007925,135,135,False,1553380602
Nicehash-Sia,22,NICEHASH,Sia,1,1.0,1.0,0,1.0,1.0,0,0.0,0.0651,1.1730824049e-08,BTC,$0.00,0.0,1.0e-05,0.0,8.79e-06,0,1,False,1553380602
Nicehash-X11,2,NICEHASH,X11,1,1.0,1.0,0,1.0,1.0,712805795211700,0.0078,0.0085,5.90330263617622,BTC,$0.00,0.0001,0.00011,0.0001014,0.0001105,17,19,False,1553380602
Nicehash-X11Gost,21,NICEHASH,X11Gost,1,1.0,1.0,0,1.0,1.0,11239530330,0.0001,0.0001,0.001098537483,BTC,$0.00,5.0e-05,5.0e-05,4.5e-05,4.5e-05,8,8,False,1553380602
Peercoin,52,PPC,SHA-256,2700.0,44.550009991543185,44.4466581784347,421181,2537669444.2093,2561512089.31109,4036743433680533,0.00013126,0.000125828121468926,3.871194957,BTC,"$13,479,149.19",4.9271,4.87007,0.00064673,0.00063925,110,109,False,1553380460
Pirate,298,ARRR,Equihash,61.0,256.0,256.0,293688,315979972.983206,330985586.606672,82879992,7.39e-06,7.57340395480241e-06,0.05415534,BTC,"$2,256,957.44",27.12273,25.89318,0.00020044,0.00019135,34,33,False,1553380342
Sia,161,SC,Sia,655.0,100374.0,100438.764705882,199626,1.18832148872475e+18,1.22955615550016e+18,1814231280495801,6.7e-07,6.61117397454025e-07,24.72885623,BTC,"$106,257,251.94",985.15026,952.72876,0.00066005,0.00063833,113,109,False,1553379161
Sibcoin,169,SIB,X11Gost,156.0,1.8014759475218658,1.80147594752187,773507,4447.0624487463,6691.11574139624,122435819106,1.628e-05,1.60904674220964e-05,0.98494909,BTC,"$1,144,839.55",3.65366,2.43129,0.00005948,0.00003958,10,7,False,1553380617
Straks,240,STAK,Lyra2REv2,318.0,3.8,3.8,572323,1630.68265468,1131.46941622038,22024304000,2.85e-06,2.62388418079093e-06,0.00061637,BTC,"$130,743.96",31.8037,45.22115,0.00009064,0.00012888,15,22,True,1553375300
Sumokoin,196,SUMO,CryptoNight,237.0,56.28,56.2800000000002,263634,20262863334.0,16099855447.5118,85497313,6.54e-06,6.89875530410185e-06,0.26638467,BTC,"$246,720.88",16.78455,21.12013,0.00010977,0.00013813,19,24,False,1553379390
Verge-Groestl,218,XVG,Myr-Groestl,150.0,730.0,730.0,2994697,535063.15213287,797016.3866897,15320524931369,1.74e-06,1.73564971751414e-06,238.23442634,BTC,"$107,242,403.39",81.49568,54.71459,0.0001418,0.0000952,24,16,False,1553380601
Verge-Lyra2REv2,217,XVG,Lyra2REv2,150.0,730.0,730.0,2994697,31994.20262217,132534.116454853,916093692825,1.74e-06,1.73564971751414e-06,238.23442634,BTC,"$107,242,403.39",288.9444,69.79262,0.00050276,0.00012144,86,21,False,1553380601
Verge-Scrypt,150,XVG,Scrypt,150.0,730.0,730.0,2994697,40072.97983709,27407.3420625198,1147414252357,1.74e-06,1.73564971751414e-06,238.23442634,BTC,"$107,242,403.39",329.52569,481.61419,0.00057337,0.00083801,98,143,False,1553380601
Viacoin,107,VIA,Scrypt,24.0,0.625,0.625,6118816,418280.42402687,423128.042565813,74854197573017,0.00012702,0.000125643045325779,2.541246,BTC,"$11,936,527.79",0.03006,0.02971,0.00000382,0.00000377,1,1,False,1553380473
Zcash,166,ZEC,Equihash,155.0,10.0,10.0,502809,38115873.0044893,47802001.5944107,2014485365,0.014087,0.0139184152542373,1497.671178101,BTC,"$327,377,400.45",0.01716,0.01368,0.00024167,0.0001927,41,33,False,1553380602
Zclassic,167,ZCL,Equihash,155.0,12.5,12.5,492183,1114097.8058178,1225074.26783021,58881865,0.00027003,0.000271302209631728,7.28086586,BTC,"$6,327,989.18",0.7336,0.66715,0.00019809,0.00018015,34,31,False,1553380209
